
Detailed
 ==================== 
Position X,Position Y,Position Z,Unit,Category,Collection,Time,ID,
106.387,92.0893,12.6415,um,Surface,Position,1,0,
107.331,76.0888,13.8796,um,Surface,Position,1,1,
126.669,72.2003,10.7202,um,Surface,Position,1,2,
143.677,85.4948,10.7342,um,Surface,Position,1,3,
141.948,89.759,10.9429,um,Surface,Position,1,4,
134.684,95.8013,11.2216,um,Surface,Position,1,5,
125.729,80.9323,11.9764,um,Surface,Position,1,6,
137.512,88.7941,11.6445,um,Surface,Position,1,7,
126.667,88.0822,10.9832,um,Surface,Position,1,8,
127.215,92.7171,11.2371,um,Surface,Position,1,9,
134.274,77.7589,13.1037,um,Surface,Position,1,10,
141.962,81.1057,12.7524,um,Surface,Position,1,11,
133.044,83.241,12.4811,um,Surface,Position,1,12,
139.673,74.8961,14.3958,um,Surface,Position,1,13,
158.682,84.8495,10.502,um,Surface,Position,1,14,
154.28,88.8791,11.9091,um,Surface,Position,1,15,
148.876,97.4092,11.8513,um,Surface,Position,1,16,
152.798,83.4432,12.4996,um,Surface,Position,1,17,
158.717,90.0029,13.2514,um,Surface,Position,1,18,
150.128,86.7835,13.0479,um,Surface,Position,1,19,
153.368,79.3775,13.2697,um,Surface,Position,1,20,
93.4422,117.84,9.65443,um,Surface,Position,1,21,
94.6647,98.278,11.6935,um,Surface,Position,1,22,
114.542,98.0702,8.4699,um,Surface,Position,1,23,
96.3253,107.192,8.94621,um,Surface,Position,1,24,
99.3,115.394,9.329,um,Surface,Position,1,25,
103.595,114.454,11.3071,um,Surface,Position,1,26,
112.787,116.605,11.0481,um,Surface,Position,1,27,
99.4579,94.9663,10.547,um,Surface,Position,1,28,
104.573,98.4846,11.6873,um,Surface,Position,1,29,
109.146,99.3569,10.5466,um,Surface,Position,1,30,
103.06,108.643,11.3596,um,Surface,Position,1,31,
115.885,102.967,12.1818,um,Surface,Position,1,32,
128.287,119.551,10.5643,um,Surface,Position,1,33,
133.507,103.825,10.2961,um,Surface,Position,1,34,
121.922,109.623,8.67695,um,Surface,Position,1,35,
122.944,97.6593,8.58734,um,Surface,Position,1,36,
125.767,107.047,11.7728,um,Surface,Position,1,37,
133.996,111.239,11.4273,um,Surface,Position,1,38,
132.695,117.033,11.0681,um,Surface,Position,1,39,
128.414,100.131,11.4749,um,Surface,Position,1,40,
140.632,101.644,12.6034,um,Surface,Position,1,41,
141.813,111.129,11.3202,um,Surface,Position,1,42,
139.216,115.526,11.5239,um,Surface,Position,1,43,
147.23,114.84,11.2999,um,Surface,Position,1,44,
156.493,109.125,11.6252,um,Surface,Position,1,45,
161.864,96.0528,11.8264,um,Surface,Position,1,46,
164.612,105.072,12.7271,um,Surface,Position,1,47,
154.215,95.5382,13.0438,um,Surface,Position,1,48,
94.8072,122.836,9.81305,um,Surface,Position,1,49,
120.027,125.648,9.32103,um,Surface,Position,1,50,
115.65,125.335,10.3202,um,Surface,Position,1,51,
106.095,125.66,10.8395,um,Surface,Position,1,52,
122.728,121.23,8.5253,um,Surface,Position,1,53,
136.491,124.93,10.1124,um,Surface,Position,1,54,
126.564,127.279,10.2987,um,Surface,Position,1,55,
146.322,124.258,8.20233,um,Surface,Position,1,56,
145.138,129.722,10.4509,um,Surface,Position,1,57,
159.503,136.676,10.7227,um,Surface,Position,1,58,
121.633,150.765,9.74109,um,Surface,Position,1,59,
143.699,152.447,10.5102,um,Surface,Position,1,60,
94.5695,156.982,7.94447,um,Surface,Position,1,61,
114.362,162.278,2.33927,um,Surface,Position,1,62,
98.6934,167.019,2.94391,um,Surface,Position,1,63,
107.702,164.756,3.85222,um,Surface,Position,1,64,
103.772,148.953,4.04399,um,Surface,Position,1,65,
118.67,166.238,4.51818,um,Surface,Position,1,66,
114.668,167.155,5.62828,um,Surface,Position,1,67,
106.015,155.95,6.50483,um,Surface,Position,1,68,
102.568,168.28,7.39965,um,Surface,Position,1,69,
102.675,162.164,7.5345,um,Surface,Position,1,70,
117.6,146.014,5.47239,um,Surface,Position,1,71,
97.0569,152.131,7.80778,um,Surface,Position,1,72,
113.978,155.782,7.06331,um,Surface,Position,1,73,
96.2575,161.751,7.76047,um,Surface,Position,1,74,
106.626,161.097,7.46058,um,Surface,Position,1,75,
118.126,162.723,8.27571,um,Surface,Position,1,76,
102.187,151.876,8.53604,um,Surface,Position,1,77,
111.185,160.215,8.60529,um,Surface,Position,1,78,
109.334,145.741,8.20125,um,Surface,Position,1,79,
136.106,153.145,1.2921,um,Surface,Position,1,80,
138.68,164.527,4.34222,um,Surface,Position,1,81,
131.389,149.234,3.80878,um,Surface,Position,1,82,
123.216,145.062,5.02213,um,Surface,Position,1,83,
128.821,154.861,6.22647,um,Surface,Position,1,84,
129.468,161.555,5.90529,um,Surface,Position,1,85,
133.203,147.523,7.95697,um,Surface,Position,1,86,
119.506,156.359,6.23073,um,Surface,Position,1,87,
142.556,144.808,5.42136,um,Surface,Position,1,88,
133.554,152.192,8.67917,um,Surface,Position,1,89,
124.169,158.002,8.1795,um,Surface,Position,1,90,
138.596,149.159,8.84155,um,Surface,Position,1,91,
126.022,148.719,9.21383,um,Surface,Position,1,92,
151.989,145.093,8.1942,um,Surface,Position,1,93,
113.797,170.567,3.02009,um,Surface,Position,1,94,
103.564,178.196,4.2318,um,Surface,Position,1,95,
119.625,171.729,3.12727,um,Surface,Position,1,96,
96.0558,171.979,6.30719,um,Surface,Position,1,97,
95.0621,175.921,6.65724,um,Surface,Position,1,98,
131.938,171.167,2.09614,um,Surface,Position,1,99,
127.53,65.577,9.16643,um,Surface,Position,1,101,
123.063,67.054,12.0912,um,Surface,Position,1,102,
125.064,69.3659,13.1189,um,Surface,Position,1,103,
92.4816,90.1024,9.10842,um,Surface,Position,1,104,
96.718,85.1868,9.70314,um,Surface,Position,1,105,
114.121,74.2281,10.902,um,Surface,Position,1,106,
113.058,80.4848,10.5409,um,Surface,Position,1,107,
106.205,85.9578,10.7616,um,Surface,Position,1,108,
114.983,91.7124,11.2917,um,Surface,Position,1,109,
119.708,81.4361,9.5402,um,Surface,Position,1,110,
114.548,84.9866,11.3366,um,Surface,Position,1,111,
110.235,86.817,11.2428,um,Surface,Position,1,112,
101.476,89.6589,11.6656,um,Surface,Position,1,113,
92.9612,100.238,5.58464,um,Surface,Position,1,114,
105.679,100.543,2.74452,um,Surface,Position,1,115,
96.8484,96.0411,4.04528,um,Surface,Position,1,116,
107.693,96.2474,4.32823,um,Surface,Position,1,117,
96.7839,104.954,4.20758,um,Surface,Position,1,118,
109.34,105.677,5.13097,um,Surface,Position,1,119,
103.286,106.654,5.19975,um,Surface,Position,1,120,
111.196,102.011,5.30503,um,Surface,Position,1,121,
116.789,105.831,5.82948,um,Surface,Position,1,122,
113.814,116.655,5.61727,um,Surface,Position,1,123,
117.763,101.577,6.67454,um,Surface,Position,1,124,
103.131,112.619,6.97411,um,Surface,Position,1,125,
105.844,119.163,6.99883,um,Surface,Position,1,126,
97.8464,100.819,6.09481,um,Surface,Position,1,127,
108.591,115.961,6.96567,um,Surface,Position,1,128,
102.812,96.8027,7.0524,um,Surface,Position,1,129,
116.505,111.132,8.37756,um,Surface,Position,1,130,
102.844,102.932,8.58892,um,Surface,Position,1,131,
109.335,110.515,8.77676,um,Surface,Position,1,132,
137.756,106.981,2.72317,um,Surface,Position,1,133,
132.559,103.648,3.06996,um,Surface,Position,1,134,
140.335,99.0018,3.40714,um,Surface,Position,1,135,
131.067,97.7022,4.93051,um,Surface,Position,1,136,
121.355,99.4681,3.3804,um,Surface,Position,1,137,
133.252,113.912,4.79136,um,Surface,Position,1,138,
126.151,113.506,4.44058,um,Surface,Position,1,139,
141.139,114.892,4.97761,um,Surface,Position,1,140,
128.519,106.961,6.27139,um,Surface,Position,1,141,
128.747,118.573,6.11678,um,Surface,Position,1,142,
120.942,115.902,6.92609,um,Surface,Position,1,143,
137.31,117.357,6.8924,um,Surface,Position,1,144,
124.086,104.687,7.01125,um,Surface,Position,1,145,
137.148,108.691,9.22271,um,Surface,Position,1,146,
138.904,98.4822,9.81789,um,Surface,Position,1,147,
142.375,106.605,9.53093,um,Surface,Position,1,148,
155.814,108.617,2.97762,um,Surface,Position,1,149,
148.752,97.8088,3.77694,um,Surface,Position,1,150,
166.736,101.109,5.29794,um,Surface,Position,1,151,
147.954,106.482,4.73414,um,Surface,Position,1,152,
160.152,110.127,3.66474,um,Surface,Position,1,153,
147.13,116.921,4.93369,um,Surface,Position,1,154,
163.781,116.314,6.39296,um,Surface,Position,1,155,
152.584,101.525,6.87105,um,Surface,Position,1,156,
165.547,108.254,6.87512,um,Surface,Position,1,157,
153.602,107.445,8.00859,um,Surface,Position,1,158,
165.596,96.2122,9.13588,um,Surface,Position,1,159,
158.308,99.7257,9.1358,um,Surface,Position,1,160,
155.947,115.89,8.7967,um,Surface,Position,1,161,
144.743,96.8772,9.81547,um,Surface,Position,1,162,
148.158,109.621,10.2489,um,Surface,Position,1,163,
168.309,114.049,3.99597,um,Surface,Position,1,164,
170.36,107.585,7.48305,um,Surface,Position,1,165,
172.847,114.56,7.7502,um,Surface,Position,1,166,
174.849,99.0526,7.57766,um,Surface,Position,1,167,
173.387,103.59,6.94665,um,Surface,Position,1,168,
111.516,130.42,0.238539,um,Surface,Position,1,169,
108.884,138.111,3.59618,um,Surface,Position,1,170,
97.78,144.703,3.59508,um,Surface,Position,1,171,
116.522,133.591,1.02138,um,Surface,Position,1,172,
117.957,120.582,4.71165,um,Surface,Position,1,173,
112.517,121.494,4.29998,um,Surface,Position,1,174,
100.528,133.779,5.85963,um,Surface,Position,1,175,
101.354,127.703,6.92508,um,Surface,Position,1,176,
95.874,135.446,7.0304,um,Surface,Position,1,177,
104,142.402,7.02596,um,Surface,Position,1,178,
99.7211,120.814,8.48903,um,Surface,Position,1,179,
113.745,136.456,7.31058,um,Surface,Position,1,180,
97.5654,140.47,7.41275,um,Surface,Position,1,181,
114.559,141.289,5.67616,um,Surface,Position,1,182,
103.159,122.741,8.50688,um,Surface,Position,1,183,
110.756,123.489,9.07648,um,Surface,Position,1,184,
114.806,131.832,8.62111,um,Surface,Position,1,185,
102.438,135.687,9.28522,um,Surface,Position,1,186,
105.924,132.695,5.44213,um,Surface,Position,1,187,
131.462,134.286,0.0217215,um,Surface,Position,1,188,
135.377,141.463,1.95105,um,Surface,Position,1,189,
139.66,126.332,3.34173,um,Surface,Position,1,190,
122.212,129.748,4.27113,um,Surface,Position,1,191,
138.658,134.758,5.10078,um,Surface,Position,1,192,
126.969,132.484,5.59485,um,Surface,Position,1,193,
133.799,121.939,6.54241,um,Surface,Position,1,194,
142.182,134.927,8.04689,um,Surface,Position,1,195,
141.013,122.656,8.51281,um,Surface,Position,1,196,
131.792,126.566,9.47875,um,Surface,Position,1,197,
129.548,137.289,8.45802,um,Surface,Position,1,198,
135.214,135.87,8.15252,um,Surface,Position,1,199,
122.317,134.269,1.96965,um,Surface,Position,1,200,
144.809,139.937,7.86753,um,Surface,Position,1,201,
126.979,141.45,7.70654,um,Surface,Position,1,202,
136.934,140.764,7.52182,um,Surface,Position,1,203,
130.731,142.686,7.68901,um,Surface,Position,1,204,
164.224,122.096,3.92372,um,Surface,Position,1,205,
157.379,122.136,0.763718,um,Surface,Position,1,206,
160.999,126.719,2.77787,um,Surface,Position,1,207,
150.399,121.629,5.35319,um,Surface,Position,1,208,
151.369,141.075,7.32997,um,Surface,Position,1,209,
148.088,137.036,9.4607,um,Surface,Position,1,210,
152.319,127.927,8.01409,um,Surface,Position,1,211,
95.3429,164.093,-2.72256,um,Surface,Position,1,212,
92.4669,156.341,-1.53707,um,Surface,Position,1,213,
113.718,156.847,-5.02302,um,Surface,Position,1,214,
106.884,163.685,-4.41698,um,Surface,Position,1,215,
109.325,155.055,-2.34181,um,Surface,Position,1,216,
97.4246,155.882,-4.8443,um,Surface,Position,1,217,
101.882,155.368,-5.38546,um,Surface,Position,1,218,
101.836,162.953,-0.313567,um,Surface,Position,1,219,
107.728,151.88,0.295721,um,Surface,Position,1,220,
122.601,160.467,-6.65904,um,Surface,Position,1,221,
134.093,165.561,-4.13504,um,Surface,Position,1,222,
134.464,157.975,-4.08187,um,Surface,Position,1,223,
128.088,158.122,-2.32139,um,Surface,Position,1,224,
136.012,145.998,-0.804565,um,Surface,Position,1,225,
119.658,157.342,-2.77784,um,Surface,Position,1,226,
142.365,154.805,1.20825,um,Surface,Position,1,227,
131.59,164.431,1.06889,um,Surface,Position,1,228,
122.86,161.48,2.43204,um,Surface,Position,1,229,
141.959,149.377,1.61226,um,Surface,Position,1,230,
149.102,147.452,-3.57769,um,Surface,Position,1,231,
153.091,151.137,-1.83672,um,Surface,Position,1,232,
94.5981,172.249,-3.73358,um,Surface,Position,1,233,
116.747,173.83,-4.99918,um,Surface,Position,1,234,
101.411,177.946,-2.21601,um,Surface,Position,1,235,
108.524,180.364,-2.90486,um,Surface,Position,1,236,
142.731,70.2871,0.190453,um,Surface,Position,1,239,
132.813,68.068,4.76262,um,Surface,Position,1,240,
121.033,65.376,7.85229,um,Surface,Position,1,241,
151.418,69.6705,2.7564,um,Surface,Position,1,242,
93.6622,76.6914,2.12561,um,Surface,Position,1,243,
94.1767,80.1983,4.31768,um,Surface,Position,1,244,
92.7487,93.6172,6.21385,um,Surface,Position,1,245,
93.127,85.296,7.17269,um,Surface,Position,1,246,
97.1298,88.9156,3.47519,um,Surface,Position,1,247,
109.852,80.7263,4.40926,um,Surface,Position,1,248,
101.8,86.198,5.25274,um,Surface,Position,1,249,
118.198,93.5626,4.89564,um,Surface,Position,1,250,
111.488,74.7824,4.99388,um,Surface,Position,1,251,
109.812,90.6997,4.83892,um,Surface,Position,1,252,
104.181,91.5689,7.65466,um,Surface,Position,1,253,
106.051,80.3342,9.18359,um,Surface,Position,1,254,
119.83,88.4714,2.25313,um,Surface,Position,1,255,
123.111,91.3036,2.62096,um,Surface,Position,1,256,
122.199,77.0401,3.09225,um,Surface,Position,1,257,
132.256,84.9488,3.64659,um,Surface,Position,1,258,
137.711,88.9994,4.35455,um,Surface,Position,1,259,
125.32,95.1909,3.71848,um,Surface,Position,1,260,
128.748,73.0356,4.47303,um,Surface,Position,1,261,
121.409,85.0391,5.93598,um,Surface,Position,1,262,
140.161,76.975,7.31087,um,Surface,Position,1,263,
134.88,80.8434,5.11192,um,Surface,Position,1,264,
126.829,82.4304,6.19641,um,Surface,Position,1,265,
132.428,90.7687,7.07794,um,Surface,Position,1,266,
142.244,93.5343,6.94561,um,Surface,Position,1,267,
133.737,76.4456,7.65561,um,Surface,Position,1,268,
121.202,75.3099,10.1872,um,Surface,Position,1,269,
157.655,91.7349,3.66113,um,Surface,Position,1,270,
146.763,75.973,3.70494,um,Surface,Position,1,271,
167.239,83.4164,4.89009,um,Surface,Position,1,272,
155.724,77.2318,4.48505,um,Surface,Position,1,273,
161.627,82.1047,4.31263,um,Surface,Position,1,274,
164.111,92.668,5.36082,um,Surface,Position,1,275,
162.803,73.1914,6.80675,um,Surface,Position,1,276,
154.391,85.2423,6.65653,um,Surface,Position,1,277,
153.796,93.119,3.44859,um,Surface,Position,1,278,
160.148,71.2932,6.38976,um,Surface,Position,1,279,
148.483,85.2079,5.28593,um,Surface,Position,1,280,
163.588,88.1805,8.67087,um,Surface,Position,1,281,
146.958,80.7839,9.10978,um,Surface,Position,1,282,
162.631,75.8447,8.92711,um,Surface,Position,1,283,
170.753,87.8641,2.86226,um,Surface,Position,1,284,
180.445,92.8429,2.62347,um,Surface,Position,1,285,
179.681,89.8829,4.07302,um,Surface,Position,1,286,
169.953,95.8868,3.74513,um,Surface,Position,1,287,
171.759,85.3181,8.88396,um,Surface,Position,1,288,
93.5446,114.646,0.9818,um,Surface,Position,1,289,
119.358,108.589,-5.30118,um,Surface,Position,1,290,
109.336,108.756,-4.62366,um,Surface,Position,1,291,
115.985,96.4458,-5.24119,um,Surface,Position,1,292,
109.671,114.748,-3.34827,um,Surface,Position,1,293,
104.686,110.424,-2.96176,um,Surface,Position,1,294,
117.771,118.598,-5.4791,um,Surface,Position,1,295,
96.4253,109.833,-2.47044,um,Surface,Position,1,296,
101.961,115.337,-0.0619946,um,Surface,Position,1,297,
142.518,98.4042,-5.23258,um,Surface,Position,1,298,
124.205,104.635,-4.5033,um,Surface,Position,1,299,
126.882,112.742,-4.87108,um,Surface,Position,1,300,
133.892,113.197,-4.08803,um,Surface,Position,1,301,
137.787,115.078,-4.80569,um,Surface,Position,1,302,
133.657,119.377,-4.04035,um,Surface,Position,1,303,
141.741,104.023,0.971555,um,Surface,Position,1,304,
144.146,110.784,2.30212,um,Surface,Position,1,305,
164.553,115.047,-5.60427,um,Surface,Position,1,306,
149.309,95.6063,-3.52185,um,Surface,Position,1,307,
159.363,106.013,-3.81587,um,Surface,Position,1,308,
153.267,111.462,-3.76159,um,Surface,Position,1,309,
150.52,102.787,-1.94829,um,Surface,Position,1,310,
160.087,100.214,-2.64613,um,Surface,Position,1,311,
145.902,102.135,-1.18543,um,Surface,Position,1,312,
156.073,102.932,1.08108,um,Surface,Position,1,313,
150.061,111.186,2.25716,um,Surface,Position,1,314,
177.487,102.474,-4.26707,um,Surface,Position,1,315,
185.335,96.0494,-4.0856,um,Surface,Position,1,316,
181.047,96.7388,-4.5412,um,Surface,Position,1,317,
168.351,104.405,-2.51682,um,Surface,Position,1,318,
169.286,112.297,-3.01721,um,Surface,Position,1,319,
169.045,119.018,-2.16654,um,Surface,Position,1,320,
173.457,105.934,0.432346,um,Surface,Position,1,321,
181.781,104.458,2.44887,um,Surface,Position,1,322,
173.01,110.864,2.86012,um,Surface,Position,1,323,
94.5839,122.205,-5.31649,um,Surface,Position,1,324,
93.5917,127.823,-0.254357,um,Surface,Position,1,325,
106.759,141.197,-4.61682,um,Surface,Position,1,326,
95.8444,143.288,-3.16951,um,Surface,Position,1,327,
102.155,129.16,-1.29779,um,Surface,Position,1,328,
105.058,119.395,-1.12887,um,Surface,Position,1,329,
101.553,138.025,-1.00088,um,Surface,Position,1,330,
97.5178,130.756,-0.199746,um,Surface,Position,1,331,
96.5347,137.575,-0.437174,um,Surface,Position,1,332,
132.938,129.939,-6.28929,um,Surface,Position,1,333,
124.1,144.015,-4.89079,um,Surface,Position,1,334,
121.939,122.218,-4.00901,um,Surface,Position,1,335,
136.539,134.569,-2.17532,um,Surface,Position,1,336,
127.94,142.611,-2.51426,um,Surface,Position,1,337,
132.931,124.964,-2.89698,um,Surface,Position,1,338,
119.588,137.95,1.53434,um,Surface,Position,1,339,
143.725,123.915,-0.0617128,um,Surface,Position,1,340,
130.41,126.915,0.483667,um,Surface,Position,1,341,
137.227,128.172,-0.792673,um,Surface,Position,1,342,
143.084,139.696,-0.49059,um,Surface,Position,1,343,
125.837,128.183,2.0558,um,Surface,Position,1,344,
142.879,129.857,-1.95721,um,Surface,Position,1,345,
123.115,135.126,-0.176025,um,Surface,Position,1,346,
158.928,134.468,-5.08338,um,Surface,Position,1,347,
157.968,119.317,-8.81125,um,Surface,Position,1,348,
149.224,130.141,-2.95404,um,Surface,Position,1,349,
155.685,131.148,-4.43915,um,Surface,Position,1,350,
165.363,126.895,-3.48546,um,Surface,Position,1,351,
148.624,122.428,-2.48399,um,Surface,Position,1,352,
153.549,136.768,-2.57161,um,Surface,Position,1,353,
151.015,142.596,-1.2546,um,Surface,Position,1,354,
160.537,133.774,-0.218994,um,Surface,Position,1,355,
149.867,133.923,0.432434,um,Surface,Position,1,356,
148.357,139.815,0.850573,um,Surface,Position,1,357,
156.596,140.932,0.857268,um,Surface,Position,1,358,
169.664,129.331,0.320908,um,Surface,Position,1,359,
115.889,150.421,-7.46821,um,Surface,Position,1,360,
121.507,151.32,-14.4893,um,Surface,Position,1,361,
129.804,151.844,-14.1522,um,Surface,Position,1,362,
121.908,156.546,-13.8846,um,Surface,Position,1,363,
136.885,149.159,-12.4067,um,Surface,Position,1,364,
143.423,160.699,-9.01773,um,Surface,Position,1,365,
138.106,166.563,-7.01263,um,Surface,Position,1,366,
142.521,153.167,-7.97395,um,Surface,Position,1,367,
124.57,155.464,-5.62274,um,Surface,Position,1,368,
127.409,151.486,-5.559,um,Surface,Position,1,369,
146.85,155.637,-11.2206,um,Surface,Position,1,370,
158.984,146.409,-11.0455,um,Surface,Position,1,371,
168.01,144.902,-8.91084,um,Surface,Position,1,372,
102.081,175.301,-11.0876,um,Surface,Position,1,373,
109.967,169.343,-6.31995,um,Surface,Position,1,374,
106.217,173.852,-5.71945,um,Surface,Position,1,375,
126.61,174.251,-9.11211,um,Surface,Position,1,376,
129.929,172.594,-6.56301,um,Surface,Position,1,377,
93.7224,71.2315,-4.34321,um,Surface,Position,1,381,
104.066,66.5145,-5.9916,um,Surface,Position,1,382,
110.729,68.4386,-3.7517,um,Surface,Position,1,383,
120.2,69.6782,1.27192,um,Surface,Position,1,384,
135.057,63.8032,-8.06154,um,Surface,Position,1,385,
120.802,70.1087,-6.0905,um,Surface,Position,1,386,
133.784,70.1707,-1.17538,um,Surface,Position,1,387,
150.087,70.4511,-4.40091,um,Surface,Position,1,388,
106.849,75.1221,-4.8677,um,Surface,Position,1,389,
113.453,74.1768,-3.5667,um,Surface,Position,1,390,
102.607,89.9354,-4.11973,um,Surface,Position,1,391,
106.101,95.3222,-3.17739,um,Surface,Position,1,392,
98.9279,76.1138,-3.22886,um,Surface,Position,1,393,
97.0256,83.019,0.188954,um,Surface,Position,1,394,
103.859,82.6009,-1.98085,um,Surface,Position,1,395,
114.016,78.546,1.0407,um,Surface,Position,1,396,
114.686,86.1636,1.51346,um,Surface,Position,1,397,
109.23,86.5338,0.537691,um,Surface,Position,1,398,
99.5873,93.6904,-0.427655,um,Surface,Position,1,399,
103.476,77.2719,0.860686,um,Surface,Position,1,400,
105.202,90.1543,1.63285,um,Surface,Position,1,401,
132.19,79.7561,-5.8499,um,Surface,Position,1,402,
129.934,84.8678,-5.16917,um,Surface,Position,1,403,
124.527,71.8833,-3.36387,um,Surface,Position,1,404,
136.142,85.4075,-3.41175,um,Surface,Position,1,405,
121.935,82.5771,-2.38152,um,Surface,Position,1,406,
121.01,79.4987,-2.14177,um,Surface,Position,1,407,
127.354,78.877,-2.6832,um,Surface,Position,1,408,
143.837,76.5812,-1.74708,um,Surface,Position,1,409,
140.502,82.5936,-0.729542,um,Surface,Position,1,410,
141.268,89.7402,-0.668747,um,Surface,Position,1,411,
125.498,86.812,0.690553,um,Surface,Position,1,412,
133.786,95.037,1.06259,um,Surface,Position,1,413,
136.487,77.688,-1.23559,um,Surface,Position,1,414,
131.161,80.358,1.62784,um,Surface,Position,1,415,
151.929,82.0716,-4.71915,um,Surface,Position,1,416,
158.974,84.118,-3.85321,um,Surface,Position,1,417,
148.397,74.8114,-3.25599,um,Surface,Position,1,418,
164.933,80.4382,-2.85011,um,Surface,Position,1,419,
146.682,81.2385,-1.67641,um,Surface,Position,1,420,
167.319,88.9704,-2.98983,um,Surface,Position,1,421,
151.151,86.6171,-2.42589,um,Surface,Position,1,422,
156.626,93.4052,-3.01703,um,Surface,Position,1,423,
157.18,78.1103,0.277419,um,Surface,Position,1,424,
166.233,76.1192,-1.02013,um,Surface,Position,1,425,
162.905,94.181,-0.632831,um,Surface,Position,1,426,
155.053,87.3627,0.451235,um,Surface,Position,1,427,
154.724,74.1832,1.34302,um,Surface,Position,1,428,
146.819,91.7215,1.87441,um,Surface,Position,1,429,
148.276,83.8767,1.38532,um,Surface,Position,1,430,
177.218,87.7107,-3.80273,um,Surface,Position,1,431,
183.483,86.4579,-2.36455,um,Surface,Position,1,432,
171.314,92.6671,-2.02637,um,Surface,Position,1,433,
170.902,81.8716,-3.21289,um,Surface,Position,1,434,
176.283,95.0002,0.984215,um,Surface,Position,1,435,
143.613,111.875,-9.1321,um,Surface,Position,1,436,
142.278,105.792,-9.54322,um,Surface,Position,1,437,
131.023,99.8044,-9.69294,um,Surface,Position,1,438,
139.286,120.188,-7.6095,um,Surface,Position,1,439,
138.04,109.851,-8.90721,um,Surface,Position,1,440,
131.95,105.882,-9.31454,um,Surface,Position,1,441,
127.981,118.31,-5.29592,um,Surface,Position,1,442,
160.536,112.722,-13.4205,um,Surface,Position,1,443,
152.766,102.766,-10.1306,um,Surface,Position,1,444,
167.955,110.14,-12.9006,um,Surface,Position,1,445,
146.416,109.849,-12.9156,um,Surface,Position,1,446,
158.019,104.505,-11.0415,um,Surface,Position,1,447,
146.524,100.87,-10.4688,um,Surface,Position,1,448,
162.404,107.918,-10.499,um,Surface,Position,1,449,
158.634,111.007,-8.70923,um,Surface,Position,1,450,
164.786,96.2956,-8.69311,um,Surface,Position,1,451,
152.345,118.34,-10.5496,um,Surface,Position,1,452,
164.451,100.68,-8.5297,um,Surface,Position,1,453,
155.453,111.138,-6.12311,um,Surface,Position,1,454,
144.884,115.288,-6.27004,um,Surface,Position,1,455,
171.019,104.643,-12.3469,um,Surface,Position,1,456,
175.892,119.342,-12.6483,um,Surface,Position,1,457,
168.809,118.038,-12.233,um,Surface,Position,1,458,
178.887,96.448,-10.0788,um,Surface,Position,1,459,
168.836,101.5,-10.3262,um,Surface,Position,1,460,
173.381,112.113,-10.285,um,Surface,Position,1,461,
178.227,100.366,-12.2623,um,Surface,Position,1,462,
176.399,109.053,-9.03792,um,Surface,Position,1,463,
179.622,118.224,-7.18685,um,Surface,Position,1,464,
175.288,116.422,-6.33528,um,Surface,Position,1,465,
94.3551,138.237,-11.0845,um,Surface,Position,1,466,
93.8538,131.44,-9.43127,um,Surface,Position,1,467,
110.08,131.24,-13.7781,um,Surface,Position,1,468,
114.341,133.973,-12.803,um,Surface,Position,1,469,
119.35,142.307,-12.9384,um,Surface,Position,1,470,
120.309,130.706,-12.4374,um,Surface,Position,1,471,
105.327,132.706,-11.4783,um,Surface,Position,1,472,
111.314,138.392,-12.9124,um,Surface,Position,1,473,
108.359,136.565,-12.4588,um,Surface,Position,1,474,
110.226,122.774,-10.752,um,Surface,Position,1,475,
115.596,142.665,-9.05241,um,Surface,Position,1,476,
97.9747,143.354,-10.7025,um,Surface,Position,1,477,
117.445,122.022,-10.657,um,Surface,Position,1,478,
102.869,135.612,-9.26363,um,Surface,Position,1,479,
99.3542,138.431,-9.5815,um,Surface,Position,1,480,
102.245,141.731,-7.9596,um,Surface,Position,1,481,
115.554,129.496,-8.21765,um,Surface,Position,1,482,
110.891,128.264,-8.47021,um,Surface,Position,1,483,
99.8926,133.084,-6.0503,um,Surface,Position,1,484,
98.3825,120.896,-6.02598,um,Surface,Position,1,485,
107.694,122.192,-4.79547,um,Surface,Position,1,486,
105.466,129.643,-5.92698,um,Surface,Position,1,487,
95.7868,135.057,-7.46529,um,Surface,Position,1,488,
123.436,122.168,-12.1602,um,Surface,Position,1,489,
133.699,128.392,-12.72,um,Surface,Position,1,490,
134.542,141.813,-10.7023,um,Surface,Position,1,491,
135.855,136.934,-9.98948,um,Surface,Position,1,492,
125.348,139.404,-9.66601,um,Surface,Position,1,493,
135.324,123.484,-7.56048,um,Surface,Position,1,494,
125.784,129.471,-7.51042,um,Surface,Position,1,495,
142.925,136.651,-6.31323,um,Surface,Position,1,496,
141.543,127.402,-8.31024,um,Surface,Position,1,497,
120.88,127.244,-4.96652,um,Surface,Position,1,498,
158.926,122.433,-13.9682,um,Surface,Position,1,499,
163.864,122.669,-11.08,um,Surface,Position,1,500,
157.735,141.199,-11.211,um,Surface,Position,1,501,
161.425,128.954,-9.67232,um,Surface,Position,1,502,
156.593,127.354,-9.41056,um,Surface,Position,1,503,
164.227,140.114,-9.13748,um,Surface,Position,1,504,
161.593,134.239,-8.65296,um,Surface,Position,1,505,
145.791,121.657,-8.57066,um,Surface,Position,1,506,
151.984,124.925,-10.7812,um,Surface,Position,1,507,
152.774,142.754,-8.24301,um,Surface,Position,1,508,
144.869,132.39,-7.59479,um,Surface,Position,1,509,
157.371,137.458,-6.21042,um,Surface,Position,1,510,
151.95,125.44,-5.68977,um,Surface,Position,1,511,
148.86,138.807,-6.32571,um,Surface,Position,1,512,
182.956,121.659,-10.4887,um,Surface,Position,1,513,
171.861,129.473,-11.3535,um,Surface,Position,1,514,
169.849,132.644,-10.8555,um,Surface,Position,1,515,
171.263,122.478,-7.16352,um,Surface,Position,1,516,
92.9905,160.32,-8.88605,um,Surface,Position,1,517,
109.778,157.826,-11.4218,um,Surface,Position,1,518,
106.036,156.69,-11.7984,um,Surface,Position,1,519,
113.777,146.22,-8.56718,um,Surface,Position,1,520,
117.702,146.533,-13.5725,um,Surface,Position,1,521,
97.1438,152.541,-12.5611,um,Surface,Position,1,522,
117.379,157.363,-11.8385,um,Surface,Position,1,523,
109.755,145.187,-11.5988,um,Surface,Position,1,524,
118.145,168.122,-10.0259,um,Surface,Position,1,525,
104.067,167.66,-9.53168,um,Surface,Position,1,526,
108.772,152.124,-11.6076,um,Surface,Position,1,527,
101.265,161.817,-7.9389,um,Surface,Position,1,528,
95.8871,163.881,-9.98624,um,Surface,Position,1,529,
96.5759,148.669,-7.89141,um,Surface,Position,1,530,
112.429,162.114,-7.24443,um,Surface,Position,1,531,
100.676,148.127,-7.10631,um,Surface,Position,1,532,
104.807,148.242,-6.04845,um,Surface,Position,1,533,
95.7371,62.021,-9.70783,um,Surface,Position,1,534,
103.475,56.6491,-13.4378,um,Surface,Position,1,535,
114.085,69.3702,-9.17567,um,Surface,Position,1,536,
107.433,63.4002,-11.2833,um,Surface,Position,1,537,
106.322,70.4966,-6.61473,um,Surface,Position,1,538,
143.43,56.2642,-16.1997,um,Surface,Position,1,539,
123.903,65.1253,-12.1553,um,Surface,Position,1,540,
134.963,66.9002,-13.2125,um,Surface,Position,1,541,
127.878,66.0928,-7.61366,um,Surface,Position,1,542,
127.203,60.2167,-6.18509,um,Surface,Position,1,543,
137.456,68.2447,-7.34562,um,Surface,Position,1,544,
123.743,61.7387,-6.60968,um,Surface,Position,1,545,
160.005,67.7419,-11.4535,um,Surface,Position,1,546,
155.102,69.8529,-12.761,um,Surface,Position,1,547,
166.87,66.1724,-10.8574,um,Surface,Position,1,548,
144.817,66.733,-8.84872,um,Surface,Position,1,549,
155.309,70.2538,-7.24478,um,Surface,Position,1,550,
150.114,62.1423,-8.26646,um,Surface,Position,1,551,
94.1689,81.813,-12.129,um,Surface,Position,1,552,
93.9527,89.5662,-5.55587,um,Surface,Position,1,553,
116.718,75.2816,-12.2675,um,Surface,Position,1,554,
97.7482,92.4493,-11.8259,um,Surface,Position,1,555,
100.751,82.5247,-13.6191,um,Surface,Position,1,556,
109.374,76.6107,-10.0229,um,Surface,Position,1,557,
103.757,79.0281,-10.6374,um,Surface,Position,1,558,
113.112,86.7799,-11.5755,um,Surface,Position,1,559,
112.341,91.2507,-8.59198,um,Surface,Position,1,560,
111.918,81.0298,-7.34294,um,Surface,Position,1,561,
116.882,78.6125,-6.17755,um,Surface,Position,1,562,
101.786,72.7432,-5.37755,um,Surface,Position,1,563,
108.604,87.4151,-7.18987,um,Surface,Position,1,564,
102.925,94.3854,-6.74537,um,Surface,Position,1,565,
111.648,95.7509,-5.9973,um,Surface,Position,1,566,
121.81,72.2791,-13.353,um,Surface,Position,1,567,
136.021,72.8213,-12.4392,um,Surface,Position,1,568,
134.494,80.9636,-12.3813,um,Surface,Position,1,569,
134.674,86.4633,-11.9864,um,Surface,Position,1,570,
126.139,89.115,-12.4099,um,Surface,Position,1,571,
142.291,73.1194,-11.6585,um,Surface,Position,1,572,
142.271,94.0789,-9.85686,um,Surface,Position,1,573,
140.404,80.8921,-10.0502,um,Surface,Position,1,574,
136.674,92.3471,-11.0574,um,Surface,Position,1,575,
126.938,75.1758,-9.10319,um,Surface,Position,1,576,
141.321,90.1336,-9.1344,um,Surface,Position,1,577,
124.494,85.5136,-7.55919,um,Surface,Position,1,578,
121.382,91.3149,-8.68064,um,Surface,Position,1,579,
139.579,73.0425,-6.29805,um,Surface,Position,1,580,
139.559,77.8354,-6.52291,um,Surface,Position,1,581,
151.158,85.9745,-12.2972,um,Surface,Position,1,582,
147.64,94.4504,-11.8968,um,Surface,Position,1,583,
152.564,95.101,-10.6259,um,Surface,Position,1,584,
161.614,88.2775,-10.2865,um,Surface,Position,1,585,
160.522,74.9092,-9.54881,um,Surface,Position,1,586,
168.113,87.7724,-10.8048,um,Surface,Position,1,587,
162.997,82.3539,-8.69755,um,Surface,Position,1,588,
154.281,76.5389,-7.48452,um,Surface,Position,1,589,
148.139,78.0535,-8.79474,um,Surface,Position,1,590,
155.966,91.1651,-7.94797,um,Surface,Position,1,591,
165.51,92.16,-6.34542,um,Surface,Position,1,592,
163.591,71.4934,-4.11103,um,Surface,Position,1,593,
150.937,90.2435,-4.6936,um,Surface,Position,1,594,
169.69,92.3259,-13.6375,um,Surface,Position,1,595,
175.827,80.6569,-8.67175,um,Surface,Position,1,596,
170.511,74.2368,-11.0754,um,Surface,Position,1,597,
169.084,83.3942,-10.0798,um,Surface,Position,1,598,
177.378,77.5928,-8.0571,um,Surface,Position,1,599,
176.168,93.9442,-6.68528,um,Surface,Position,1,600,
106.691,98.2838,-11.8964,um,Surface,Position,1,601,
118.92,105.517,-12.6059,um,Surface,Position,1,602,
100.428,115.649,-9.65679,um,Surface,Position,1,603,
104.635,108.321,-9.38916,um,Surface,Position,1,604,
100.857,109.115,-9.39854,um,Surface,Position,1,605,
119.172,96.3054,-8.87583,um,Surface,Position,1,606,
112.82,100.041,-7.36899,um,Surface,Position,1,607,
111.594,106.116,-11.9828,um,Surface,Position,1,608,
115.986,112.327,-6.8064,um,Surface,Position,1,609,
112.789,116.389,-7.00989,um,Surface,Position,1,610,
101.851,100.115,-5.75768,um,Surface,Position,1,611,
96.0297,99.4335,-5.44914,um,Surface,Position,1,612,
118.779,100.821,-5.71367,um,Surface,Position,1,613,
141.002,97.7584,-12.671,um,Surface,Position,1,614,
140.045,116.77,-11.6022,um,Surface,Position,1,615,
123.312,100.708,-11.6591,um,Surface,Position,1,616,
93.4538,130.958,-17.2298,um,Surface,Position,1,617,
93.9221,143.36,-13.6173,um,Surface,Position,1,618,
94.6258,123.594,-13.5417,um,Surface,Position,1,619,
104.216,129.901,-19.7476,um,Surface,Position,1,620,
108.711,126.947,-17.9804,um,Surface,Position,1,621,
98.1041,132.368,-18.5553,um,Surface,Position,1,622,
98.544,121.42,-18.0667,um,Surface,Position,1,623,
103.672,124.485,-18.0512,um,Surface,Position,1,624,
117.181,142.213,-19.0339,um,Surface,Position,1,625,
116.32,137.817,-15.9484,um,Surface,Position,1,626,
100.066,127.726,-16.2942,um,Surface,Position,1,627,
113.11,141.635,-14.0996,um,Surface,Position,1,628,
118.828,134.493,-13.934,um,Surface,Position,1,629,
105.802,141.795,-13.7706,um,Surface,Position,1,630,
102.016,144.561,-13.1413,um,Surface,Position,1,631,
139.673,130.596,-22.5241,um,Surface,Position,1,632,
143.725,136.277,-23.0017,um,Surface,Position,1,633,
128.239,132.237,-19.0446,um,Surface,Position,1,634,
125.764,143.444,-18.1896,um,Surface,Position,1,635,
133.634,134.243,-18.4843,um,Surface,Position,1,636,
130.336,142.14,-18.5103,um,Surface,Position,1,637,
123.128,131.09,-17.8359,um,Surface,Position,1,638,
143.371,125.854,-16.722,um,Surface,Position,1,639,
140.565,122.291,-16.3363,um,Surface,Position,1,640,
122.817,134.586,-16.8307,um,Surface,Position,1,641,
141.444,141.019,-16.4739,um,Surface,Position,1,642,
121.149,138.871,-15.1193,um,Surface,Position,1,643,
129.493,124.095,-13.3901,um,Surface,Position,1,644,
137.898,132.246,-13.6339,um,Surface,Position,1,645,
128.917,129.019,-13.7516,um,Surface,Position,1,646,
125.658,125.363,-14.1296,um,Surface,Position,1,647,
127.78,135.812,-14.4897,um,Surface,Position,1,648,
149.725,139.286,-21.9624,um,Surface,Position,1,649,
151.627,121.685,-19.9415,um,Surface,Position,1,650,
166.101,120.873,-18.5096,um,Surface,Position,1,651,
151.67,125.598,-17.4449,um,Surface,Position,1,652,
167.835,125.807,-18.0993,um,Surface,Position,1,653,
157.48,129.475,-17.0934,um,Surface,Position,1,654,
161.037,138.874,-16.6046,um,Surface,Position,1,655,
154.346,144.197,-17.0322,um,Surface,Position,1,656,
152.236,133.136,-13.7236,um,Surface,Position,1,657,
164.562,132.14,-14.16,um,Surface,Position,1,658,
148.557,142.013,-13.568,um,Surface,Position,1,659,
147.93,128.61,-13.4368,um,Surface,Position,1,660,
174.369,125.124,-19.4872,um,Surface,Position,1,661,
171.682,120.785,-18.8319,um,Surface,Position,1,662,
170.832,129.433,-19.1007,um,Surface,Position,1,663,
169.19,138.971,-19.4898,um,Surface,Position,1,664,
178.277,126.211,-17.0553,um,Surface,Position,1,665,
168.181,138.927,-14.2232,um,Surface,Position,1,666,
95.0363,149.728,-17.0862,um,Surface,Position,1,667,
94.3544,165.091,-14.4189,um,Surface,Position,1,668,
92.5733,147.489,-14.5789,um,Surface,Position,1,669,
94.3363,155.118,-15.8308,um,Surface,Position,1,670,
98.436,145.977,-21.0751,um,Surface,Position,1,671,
118.084,149.918,-22.2078,um,Surface,Position,1,672,
102.153,154.563,-17.3341,um,Surface,Position,1,673,
117.533,159.698,-20.9287,um,Surface,Position,1,674,
110.37,148.164,-16.4039,um,Surface,Position,1,675,
100.219,148.997,-16.3941,um,Surface,Position,1,676,
116.389,153.754,-15.447,um,Surface,Position,1,677,
111.46,155.152,-17.1987,um,Surface,Position,1,678,
113.137,146.253,-15.6282,um,Surface,Position,1,679,
106.144,149.569,-17.7787,um,Surface,Position,1,680,
104.91,162.6,-14.4414,um,Surface,Position,1,681,
105.976,145.742,-13.3822,um,Surface,Position,1,682,
102.622,159.065,-13.2737,um,Surface,Position,1,683,
143.806,150.113,-21.1526,um,Surface,Position,1,684,
134.952,163.495,-20.9085,um,Surface,Position,1,685,
133.395,153.65,-15.2559,um,Surface,Position,1,686,
129.46,162.304,-16.8183,um,Surface,Position,1,687,
142.84,153.043,-16.2499,um,Surface,Position,1,688,
139.443,168.186,-17.296,um,Surface,Position,1,689,
136.553,144.543,-15.6443,um,Surface,Position,1,690,
126.445,168.857,-14.7888,um,Surface,Position,1,691,
119.782,163.326,-12.5287,um,Surface,Position,1,692,
122.997,144.838,-14.122,um,Surface,Position,1,693,
130.623,147.382,-14.2613,um,Surface,Position,1,694,
137.828,154.387,-14.005,um,Surface,Position,1,695,
129.992,157.36,-13.449,um,Surface,Position,1,696,
167.764,144.212,-19.2493,um,Surface,Position,1,697,
156.344,159.87,-19.6782,um,Surface,Position,1,698,
162.85,148.259,-18.419,um,Surface,Position,1,699,
162.441,152.428,-17.2383,um,Surface,Position,1,700,
150.973,149.375,-16.3549,um,Surface,Position,1,701,
160.078,159.191,-18.6304,um,Surface,Position,1,702,
161.423,155.567,-15.6095,um,Surface,Position,1,703,
151.368,157.275,-14.0883,um,Surface,Position,1,704,
148.234,162.402,-14.1241,um,Surface,Position,1,705,
158.009,150.925,-14.2738,um,Surface,Position,1,706,
145.198,168.745,-13.7112,um,Surface,Position,1,708,
95.3506,75.8905,-20.0626,um,Surface,Position,1,715,
94.5499,87.7215,-17.6439,um,Surface,Position,1,716,
112.416,87.3577,-21.0815,um,Surface,Position,1,717,
101.033,78.9964,-18.3917,um,Surface,Position,1,718,
106.377,91.0471,-19.7251,um,Surface,Position,1,719,
116.932,78.5844,-19.3246,um,Surface,Position,1,720,
113.433,91.6359,-19.5097,um,Surface,Position,1,721,
107.95,78.782,-17.3779,um,Surface,Position,1,722,
104.581,81.361,-16.6739,um,Surface,Position,1,723,
102.792,87.0256,-14.3598,um,Surface,Position,1,724,
114.78,93.5308,-13.1739,um,Surface,Position,1,725,
111.653,82.1662,-14.2166,um,Surface,Position,1,726,
102.863,92.6724,-14.9175,um,Surface,Position,1,727,
117.459,79.3779,-16.5247,um,Surface,Position,1,728,
137.201,74.9616,-20.2728,um,Surface,Position,1,729,
120.947,95.8721,-18.1552,um,Surface,Position,1,730,
125.475,93.3663,-17.5784,um,Surface,Position,1,731,
132.014,77.4393,-19.4074,um,Surface,Position,1,732,
139.8,94.2869,-18.3684,um,Surface,Position,1,733,
124.613,77.5483,-17.548,um,Surface,Position,1,734,
142.188,74.0916,-18.4396,um,Surface,Position,1,735,
123.514,82.9602,-17.3042,um,Surface,Position,1,736,
129.439,83.6048,-17.1972,um,Surface,Position,1,737,
129.962,72.174,-17.1586,um,Surface,Position,1,738,
138.552,87.565,-17.5846,um,Surface,Position,1,739,
130.483,90.9739,-15.6212,um,Surface,Position,1,740,
120.157,87.7545,-15.1726,um,Surface,Position,1,741,
168.161,85.9096,-19.1426,um,Surface,Position,1,742,
146.071,87.3567,-18.92,um,Surface,Position,1,743,
160.61,87.9191,-19.6128,um,Surface,Position,1,744,
166.291,95.0175,-18.245,um,Surface,Position,1,745,
146.032,78.07,-19.4164,um,Surface,Position,1,746,
149.592,80.8806,-17.624,um,Surface,Position,1,747,
161.453,80.3167,-17.1466,um,Surface,Position,1,748,
160.747,91.8878,-16.0412,um,Surface,Position,1,749,
158.594,76.5682,-14.244,um,Surface,Position,1,750,
151.659,76.1339,-14.2002,um,Surface,Position,1,751,
143.942,85.6478,-13.1837,um,Surface,Position,1,752,
155.679,80.141,-14.0355,um,Surface,Position,1,753,
154.439,92.5641,-13.6463,um,Surface,Position,1,754,
172.255,73.1691,-20.7819,um,Surface,Position,1,755,
174.927,80.7727,-20.1863,um,Surface,Position,1,756,
170.526,91.2993,-21.4439,um,Surface,Position,1,757,
180.634,95.6886,-18.3841,um,Surface,Position,1,758,
169.922,79.1906,-15.7739,um,Surface,Position,1,759,
182.892,77.5442,-16.1481,um,Surface,Position,1,760,
175.36,81.8094,-14.0909,um,Surface,Position,1,761,
177.788,88.6003,-14.1413,um,Surface,Position,1,762,
93.9586,115.748,-19.3954,um,Surface,Position,1,763,
93.2103,107.169,-16.8769,um,Surface,Position,1,764,
99.5481,108.723,-18.6621,um,Surface,Position,1,765,
109.458,96.1942,-18.2773,um,Surface,Position,1,766,
116.533,112.066,-15.6058,um,Surface,Position,1,767,
112.861,103.254,-16.5314,um,Surface,Position,1,768,
101.299,102.264,-18.439,um,Surface,Position,1,769,
109.559,112.207,-13.6004,um,Surface,Position,1,770,
112.974,119.962,-14.6351,um,Surface,Position,1,771,
141.904,103.59,-18.5678,um,Surface,Position,1,772,
136.334,116.951,-18.2424,um,Surface,Position,1,773,
138.549,102.204,-17.7859,um,Surface,Position,1,774,
126.66,103.351,-15.9732,um,Surface,Position,1,775,
129.022,111.978,-18.4273,um,Surface,Position,1,776,
125.019,97.8134,-18.0717,um,Surface,Position,1,777,
127.207,116.407,-17.331,um,Surface,Position,1,778,
121.055,114.145,-16.6211,um,Surface,Position,1,779,
119.188,117.946,-15.2636,um,Surface,Position,1,780,
137.887,105.942,-14.905,um,Surface,Position,1,781,
131.348,118.908,-17.4655,um,Surface,Position,1,782,
123.134,108.556,-16.0551,um,Surface,Position,1,783,
141.774,110.981,-16.3644,um,Surface,Position,1,784,
127.27,96.2312,-13.8497,um,Surface,Position,1,785,
135.389,98.4784,-12.685,um,Surface,Position,1,786,
161.287,102.508,-18.8424,um,Surface,Position,1,787,
166.149,105.776,-18.4314,um,Surface,Position,1,788,
158.54,106.907,-18.337,um,Surface,Position,1,789,
145.546,115.073,-18.8462,um,Surface,Position,1,790,
156.168,102.235,-16.847,um,Surface,Position,1,791,
148.647,111.937,-15.8733,um,Surface,Position,1,792,
161.28,117.548,-17.2964,um,Surface,Position,1,793,
154.388,109.455,-17.2227,um,Surface,Position,1,794,
156.136,114.263,-15.7225,um,Surface,Position,1,795,
147.782,118.353,-15.6772,um,Surface,Position,1,796,
158.172,97.5607,-13.7593,um,Surface,Position,1,797,
147.822,104.952,-14.9919,um,Surface,Position,1,798,
177.799,100.919,-19.6245,um,Surface,Position,1,799,
172.987,108.647,-17.8355,um,Surface,Position,1,800,
171.396,100.138,-21.7758,um,Surface,Position,1,801,
179.15,114.498,-16.6189,um,Surface,Position,1,802,
183.347,99.4685,-16.2462,um,Surface,Position,1,803,
177.949,106.047,-15.9284,um,Surface,Position,1,804,
184.544,113.212,-14.9588,um,Surface,Position,1,805,
173.291,96.3761,-13.4033,um,Surface,Position,1,806,
159.841,115.609,-23.2071,um,Surface,Position,1,807,
148.494,97.03,-23.2919,um,Surface,Position,1,808,
161.533,110.653,-21.9645,um,Surface,Position,1,809,
155.316,118.73,-21.3109,um,Surface,Position,1,810,
153.345,96.3927,-20.5327,um,Surface,Position,1,811,
149.377,101.539,-21.9651,um,Surface,Position,1,812,
174.367,99.0376,-28.278,um,Surface,Position,1,813,
180.675,98.3689,-26.0194,um,Surface,Position,1,814,
169.597,111.234,-25.008,um,Surface,Position,1,815,
177.81,115.297,-25.0805,um,Surface,Position,1,816,
190.875,113.19,-25.1761,um,Surface,Position,1,817,
183.486,111.386,-23.5537,um,Surface,Position,1,818,
175.01,98.1033,-27.8736,um,Surface,Position,1,819,
171.581,106.165,-23.4322,um,Surface,Position,1,820,
175.987,108.11,-23.7898,um,Surface,Position,1,821,
169.497,117.2,-22.7591,um,Surface,Position,1,822,
179.582,109.093,-20.8754,um,Surface,Position,1,823,
175.69,112.746,-20.7278,um,Surface,Position,1,824,
93.7863,133.401,-23.0684,um,Surface,Position,1,825,
103.531,120.646,-27.4196,um,Surface,Position,1,826,
98.9001,121.88,-27.3204,um,Surface,Position,1,827,
111.777,135.007,-30.4935,um,Surface,Position,1,828,
107.62,133.311,-26.0673,um,Surface,Position,1,829,
115.877,130.674,-26.6896,um,Surface,Position,1,830,
97.6237,135.086,-25.0993,um,Surface,Position,1,831,
115.516,122.263,-24.8,um,Surface,Position,1,832,
102.405,136.856,-23.6504,um,Surface,Position,1,833,
99.5079,128.538,-23.0148,um,Surface,Position,1,834,
112.513,126.73,-23.046,um,Surface,Position,1,835,
110.096,130.667,-21.7752,um,Surface,Position,1,836,
113.185,135.63,-21.5465,um,Surface,Position,1,837,
112.311,123.545,-21.0799,um,Surface,Position,1,838,
135.885,124.426,-30.5864,um,Surface,Position,1,839,
124.215,122.653,-27.6468,um,Surface,Position,1,840,
139.865,142.531,-26.4904,um,Surface,Position,1,841,
139.613,126.181,-26.1864,um,Surface,Position,1,842,
128.581,135.308,-26.0072,um,Surface,Position,1,843,
135.411,136.019,-25.371,um,Surface,Position,1,844,
123.049,124.857,-23.088,um,Surface,Position,1,845,
132.031,129.303,-23.1215,um,Surface,Position,1,846,
135.671,141.278,-22.3256,um,Surface,Position,1,847,
142.895,126.949,-22.882,um,Surface,Position,1,848,
127.763,137.403,-23.3681,um,Surface,Position,1,849,
123.96,138.939,-20.699,um,Surface,Position,1,850,
166.668,122.49,-27.5603,um,Surface,Position,1,851,
151.368,124.656,-27.467,um,Surface,Position,1,852,
146.552,127.745,-27.1793,um,Surface,Position,1,853,
145.625,122.039,-24.7486,um,Surface,Position,1,854,
151.342,143.23,-26.234,um,Surface,Position,1,855,
162.226,121.785,-23.505,um,Surface,Position,1,856,
156.42,130.05,-23.8786,um,Surface,Position,1,857,
157.139,135.379,-25.4215,um,Surface,Position,1,858,
164.693,133.161,-22.7018,um,Surface,Position,1,859,
144.975,143.397,-21.9039,um,Surface,Position,1,860,
158.466,123.665,-20.9201,um,Surface,Position,1,861,
172.536,120.838,-27.6725,um,Surface,Position,1,862,
170.375,129.201,-27.1886,um,Surface,Position,1,863,
183.5,124.869,-27.3829,um,Surface,Position,1,864,
178.224,121.109,-24.2523,um,Surface,Position,1,865,
173.778,139.07,-22.3648,um,Surface,Position,1,866,
184.444,120.564,-24.789,um,Surface,Position,1,867,
176.424,135.238,-22.3017,um,Surface,Position,1,868,
181.095,136.842,-23.1452,um,Surface,Position,1,869,
178.052,138.3,-21.053,um,Surface,Position,1,870,
175.437,132.772,-19.8703,um,Surface,Position,1,871,
116.816,153.924,-27.3697,um,Surface,Position,1,872,
95.1919,147.872,-24.8648,um,Surface,Position,1,873,
116.189,148.771,-24.3919,um,Surface,Position,1,874,
104.39,150.424,-23.75,um,Surface,Position,1,875,
120.244,158.523,-24.4377,um,Surface,Position,1,876,
113.594,160.657,-22.7062,um,Surface,Position,1,877,
133.525,163.839,-26.1333,um,Surface,Position,1,878,
142.988,160.406,-26.0473,um,Surface,Position,1,879,
140.228,163.342,-24.5177,um,Surface,Position,1,880,
141.14,147.858,-23.7304,um,Surface,Position,1,881,
137.826,158.257,-24.2297,um,Surface,Position,1,882,
137.4,146.566,-22.1954,um,Surface,Position,1,883,
133,147.552,-21.0638,um,Surface,Position,1,884,
125.912,148.817,-21.581,um,Surface,Position,1,885,
158.194,156.417,-27.0784,um,Surface,Position,1,886,
147.966,159.573,-27.2844,um,Surface,Position,1,887,
161.928,156.515,-26.7259,um,Surface,Position,1,888,
149.448,163.438,-22.7294,um,Surface,Position,1,889,
147.8,146.987,-23.183,um,Surface,Position,1,890,
168.634,147.969,-25.5697,um,Surface,Position,1,891,
94.3215,71.0635,-19.1513,um,Surface,Position,1,901,
115.192,60.0919,-20.023,um,Surface,Position,1,902,
106.107,59.8763,-17.094,um,Surface,Position,1,903,
99.1704,64.0468,-19.1677,um,Surface,Position,1,904,
116.81,60.6758,-16.7596,um,Surface,Position,1,905,
99.5953,57.8689,-12.9031,um,Surface,Position,1,906,
140.411,56.6392,-20.6987,um,Surface,Position,1,907,
124.857,59.3692,-18.3885,um,Surface,Position,1,908,
130.844,51.5349,-18.1703,um,Surface,Position,1,909,
130.536,59.0765,-17.4107,um,Surface,Position,1,910,
130.331,62.318,-16.5024,um,Surface,Position,1,911,
119.776,66.0299,-17.2802,um,Surface,Position,1,912,
143.943,61.4586,-16.2973,um,Surface,Position,1,913,
125.956,69.0352,-16.4189,um,Surface,Position,1,914,
137.986,64.4811,-17.7671,um,Surface,Position,1,915,
137.693,58.6366,-15.5882,um,Surface,Position,1,916,
153.912,56.3181,-19.5944,um,Surface,Position,1,917,
160.234,61.2703,-18.8414,um,Surface,Position,1,918,
164.162,68.2577,-18.0952,um,Surface,Position,1,919,
164.323,71.535,-15.3493,um,Surface,Position,1,920,
147.12,69.4874,-15.6606,um,Surface,Position,1,921,
153.075,65.6671,-15.5368,um,Surface,Position,1,922,
174.246,69.6356,-20.2641,um,Surface,Position,1,923,
168.731,70.2221,-18.34,um,Surface,Position,1,924,
95.4013,71.3123,-26.2964,um,Surface,Position,1,925,
113.641,68.3078,-27.9818,um,Surface,Position,1,926,
110.88,66.7126,-23.7303,um,Surface,Position,1,927,
102.401,68.9336,-22.6549,um,Surface,Position,1,928,
101.84,65.5174,-22.2649,um,Surface,Position,1,929,
139.464,66.8066,-26.8842,um,Surface,Position,1,930,
143.128,51.9131,-26.3772,um,Surface,Position,1,931,
129.176,68.8776,-24.2774,um,Surface,Position,1,932,
135.581,70.1435,-23.5633,um,Surface,Position,1,933,
126.95,50.0909,-23.5403,um,Surface,Position,1,934,
142.025,66.2439,-20.8718,um,Surface,Position,1,935,
157.869,56.1141,-27.8308,um,Surface,Position,1,936,
165.086,69.1132,-27.5782,um,Surface,Position,1,937,
148.316,63.6771,-27.3601,um,Surface,Position,1,938,
149.188,55.434,-23.8715,um,Surface,Position,1,939,
164.176,59.2542,-24.5453,um,Surface,Position,1,940,
158.319,65.7805,-23.7618,um,Surface,Position,1,941,
153.188,59.0012,-22.4569,um,Surface,Position,1,942,
152.522,67.757,-24.9174,um,Surface,Position,1,943,
147.846,65.0971,-21.3867,um,Surface,Position,1,944,
170.402,56.2844,-26.4469,um,Surface,Position,1,945,
180.01,69.9172,-26.151,um,Surface,Position,1,946,
169.095,64.2137,-24.6216,um,Surface,Position,1,947,
95.8679,86.5868,-26.37,um,Surface,Position,1,948,
92.9529,80.8299,-23.5487,um,Surface,Position,1,949,
109.933,72.1344,-27.6,um,Surface,Position,1,950,
109.587,88.2135,-28.5476,um,Surface,Position,1,951,
111.404,84.0648,-26.2504,um,Surface,Position,1,952,
102.151,76.5546,-25.5186,um,Surface,Position,1,953,
118.409,78.7241,-25.8913,um,Surface,Position,1,954,
112.748,78.5263,-26.1886,um,Surface,Position,1,955,
103.976,79.4555,-23.5783,um,Surface,Position,1,956,
101.048,93.2567,-25.1966,um,Surface,Position,1,957,
102.832,87.7063,-23.6865,um,Surface,Position,1,958,
118.594,84.0476,-22.8825,um,Surface,Position,1,959,
119.057,71.9764,-21.7121,um,Surface,Position,1,960,
100.774,72.4532,-22.2959,um,Surface,Position,1,961,
133.469,88.6269,-27.406,um,Surface,Position,1,962,
136.791,77.2748,-26.8549,um,Surface,Position,1,963,
124.451,72.3199,-28.4052,um,Surface,Position,1,964,
142.232,84.3,-25.577,um,Surface,Position,1,965,
142.421,91.9255,-28.0946,um,Surface,Position,1,966,
123.226,88.3639,-24.2625,um,Surface,Position,1,967,
127.069,80.253,-24.4227,um,Surface,Position,1,968,
136.063,81.1399,-23.0059,um,Surface,Position,1,969,
129.285,89.6871,-23.7323,um,Surface,Position,1,970,
126.488,74.538,-23.176,um,Surface,Position,1,971,
147.923,71.8375,-26.6171,um,Surface,Position,1,972,
159.048,79.7607,-27.9294,um,Surface,Position,1,973,
160.829,92.0591,-26.7004,um,Surface,Position,1,974,
144.497,76.6684,-26.9416,um,Surface,Position,1,975,
149.975,90.5757,-26.3701,um,Surface,Position,1,976,
149.736,87.3116,-25.6296,um,Surface,Position,1,977,
154.576,84.3576,-24.6472,um,Surface,Position,1,978,
148.061,91.4916,-23.7034,um,Surface,Position,1,979,
164.148,74.0389,-22.6887,um,Surface,Position,1,980,
156.896,72.6318,-20.6881,um,Surface,Position,1,981,
158.463,95.0625,-20.4167,um,Surface,Position,1,982,
164.277,82.6247,-20.7435,um,Surface,Position,1,983,
168.813,95.3674,-25.2438,um,Surface,Position,1,984,
176.423,77.6623,-23.6344,um,Surface,Position,1,985,
167.785,90.1514,-22.9241,um,Surface,Position,1,986,
179.009,86.6389,-23.0925,um,Surface,Position,1,987,
182.342,82.0672,-22.2415,um,Surface,Position,1,988,
176.953,93.1376,-20.264,um,Surface,Position,1,989,
113.661,103.686,-27.9615,um,Surface,Position,1,990,
108.546,98.7734,-26.9441,um,Surface,Position,1,991,
98.7916,105.792,-23.6739,um,Surface,Position,1,992,
112.177,106.609,-24.9079,um,Surface,Position,1,993,
109.392,118.472,-24.6139,um,Surface,Position,1,994,
96.4166,94.7712,-26.2301,um,Surface,Position,1,995,
103.316,112.427,-22.8175,um,Surface,Position,1,996,
99.9667,117.189,-22.3014,um,Surface,Position,1,997,
141.592,96.595,-27.1768,um,Surface,Position,1,998,
131.802,96.157,-25.372,um,Surface,Position,1,999,
126.022,119.13,-27.0079,um,Surface,Position,1,1000,
125.602,98.5541,-25.5017,um,Surface,Position,1,1001,
120.882,119.087,-25.324,um,Surface,Position,1,1002,
140.865,100.723,-25.5877,um,Surface,Position,1,1003,
139.742,106.66,-22.3308,um,Surface,Position,1,1004,
143.687,108.497,-21.8982,um,Surface,Position,1,1005,
131.702,111.92,-24.0367,um,Surface,Position,1,1006,
133.106,99.7085,-22.2657,um,Surface,Position,1,1007,
140.686,116.621,-21.9841,um,Surface,Position,1,1008,
137.604,113.216,-21.1348,um,Surface,Position,1,1009,
122.065,105.79,-21.5973,um,Surface,Position,1,1010,
150.385,117.785,-27.9624,um,Surface,Position,1,1011,
156.764,97.2761,-26.6269,um,Surface,Position,1,1012,
144.661,100.9,-26.4789,um,Surface,Position,1,1013,
153.262,103.931,-26.9672,um,Surface,Position,1,1014,
146.307,114.853,-26.0642,um,Surface,Position,1,1015,
152.584,113.328,-25.8765,um,Surface,Position,1,1016,
165.156,116.753,-23.6007,um,Surface,Position,1,1017,
151.008,109.01,-23.9264,um,Surface,Position,1,1018,
93.1564,97.1525,-28.7692,um,Surface,Position,1,1019,
99.9864,111.273,-36.2125,um,Surface,Position,1,1020,
113.001,116.618,-34.895,um,Surface,Position,1,1021,
119.006,97.0026,-34.1984,um,Surface,Position,1,1022,
106.895,106.495,-31.269,um,Surface,Position,1,1023,
104.765,112.57,-33.2289,um,Surface,Position,1,1024,
118.72,107.012,-33.7587,um,Surface,Position,1,1025,
106.746,117.982,-33.0669,um,Surface,Position,1,1026,
116.696,119.88,-31.2555,um,Surface,Position,1,1027,
116.502,111.96,-30.4089,um,Surface,Position,1,1028,
100.683,112.74,-30.2845,um,Surface,Position,1,1029,
112.827,96.6288,-29.0938,um,Surface,Position,1,1030,
96.2928,113.859,-28.1891,um,Surface,Position,1,1031,
103.402,99.7245,-28.7678,um,Surface,Position,1,1032,
133.242,114.721,-36.9951,um,Surface,Position,1,1033,
138.779,110.729,-35.4566,um,Surface,Position,1,1034,
128.345,113.221,-34.8819,um,Surface,Position,1,1035,
141.904,108.107,-32.9207,um,Surface,Position,1,1036,
142.826,115.606,-33.7483,um,Surface,Position,1,1037,
122.638,96.5229,-32.0154,um,Surface,Position,1,1038,
131.868,105.658,-32.1352,um,Surface,Position,1,1039,
122.053,116.305,-30.2894,um,Surface,Position,1,1040,
142.22,119.256,-28.8199,um,Surface,Position,1,1041,
121.281,110.199,-29.0171,um,Surface,Position,1,1042,
154.349,106.936,-36.8978,um,Surface,Position,1,1043,
155.17,101.77,-36.3047,um,Surface,Position,1,1044,
155.429,115.258,-34.2919,um,Surface,Position,1,1045,
151.109,118.815,-36.808,um,Surface,Position,1,1046,
167.415,96.1665,-31.4693,um,Surface,Position,1,1047,
155.2,108.048,-29.7542,um,Surface,Position,1,1048,
167.333,113.061,-34.8103,um,Surface,Position,1,1049,
161.674,119.273,-30.4618,um,Surface,Position,1,1050,
148.929,100.387,-30.3219,um,Surface,Position,1,1051,
157.351,117.326,-28.402,um,Surface,Position,1,1052,
166.912,107.449,-30.7337,um,Surface,Position,1,1053,
162.653,101.711,-31.6471,um,Surface,Position,1,1054,
160.819,106.001,-28.3777,um,Surface,Position,1,1055,
191.59,96.602,-34.0379,um,Surface,Position,1,1056,
178.665,116.506,-34.9432,um,Surface,Position,1,1057,
191.807,117.059,-34.5175,um,Surface,Position,1,1058,
180.882,102.56,-33.9496,um,Surface,Position,1,1059,
183.153,96.796,-32.1282,um,Surface,Position,1,1060,
189.455,108.985,-32.6562,um,Surface,Position,1,1061,
176.438,106.769,-30.9261,um,Surface,Position,1,1062,
186.764,103.325,-31.1763,um,Surface,Position,1,1063,
181.865,107.261,-29.2012,um,Surface,Position,1,1064,
175.879,112.297,-28.5617,um,Surface,Position,1,1065,
95.1594,133.775,-35.3241,um,Surface,Position,1,1066,
93.7311,127.718,-28.1464,um,Surface,Position,1,1067,
98.1054,123.224,-34.3312,um,Surface,Position,1,1068,
99.1101,136.075,-33.8178,um,Surface,Position,1,1069,
106.312,136.738,-33.181,um,Surface,Position,1,1070,
119.469,142.165,-31.7605,um,Surface,Position,1,1071,
118.197,134.159,-30.8283,um,Surface,Position,1,1072,
117.591,138.029,-30.2242,um,Surface,Position,1,1073,
104.859,126.076,-30.1769,um,Surface,Position,1,1074,
111.59,122.851,-29.2222,um,Surface,Position,1,1075,
100.333,127.83,-32.1267,um,Surface,Position,1,1076,
117.563,125.915,-28.7809,um,Surface,Position,1,1077,
107.445,138.368,-27.8201,um,Surface,Position,1,1078,
96.3437,140.991,-28.1626,um,Surface,Position,1,1079,
109.675,142.69,-28.7543,um,Surface,Position,1,1080,
125.008,134.518,-34.2206,um,Surface,Position,1,1081,
143.222,143.861,-34.8728,um,Surface,Position,1,1082,
129.019,130.57,-33.684,um,Surface,Position,1,1083,
136.963,136.992,-33.993,um,Surface,Position,1,1084,
132.086,143.222,-35.1417,um,Surface,Position,1,1085,
129.772,135.076,-33.7159,um,Surface,Position,1,1086,
127.156,143.633,-34.3908,um,Surface,Position,1,1087,
134.289,133.268,-32.4493,um,Surface,Position,1,1088,
133.231,127.547,-31.8001,um,Surface,Position,1,1089,
122.508,136.839,-32.0501,um,Surface,Position,1,1090,
127.92,122.12,-31.8395,um,Surface,Position,1,1091,
140.594,131.914,-30.9182,um,Surface,Position,1,1092,
126.716,127.467,-30.1023,um,Surface,Position,1,1093,
141.927,125.275,-30.9195,um,Surface,Position,1,1094,
121.399,131.078,-29.7349,um,Surface,Position,1,1095,
135.974,144.288,-28.6558,um,Surface,Position,1,1096,
152.174,128.338,-36.4398,um,Surface,Position,1,1097,
158.591,137.952,-34.236,um,Surface,Position,1,1098,
168.414,125.047,-34.0995,um,Surface,Position,1,1099,
167.303,121.359,-35.4323,um,Surface,Position,1,1100,
146.09,121.015,-33.873,um,Surface,Position,1,1101,
162.424,139.476,-32.2788,um,Surface,Position,1,1102,
162.44,143.976,-35.2613,um,Surface,Position,1,1103,
146.888,132.438,-28.9912,um,Surface,Position,1,1104,
151.2,130.504,-28.871,um,Surface,Position,1,1105,
163.084,132.335,-29.5818,um,Surface,Position,1,1106,
159.366,127.48,-30.5363,um,Surface,Position,1,1107,
145.912,140.401,-30.7321,um,Surface,Position,1,1108,
153.835,139.231,-27.6271,um,Surface,Position,1,1109,
171.469,131.999,-35.029,um,Surface,Position,1,1110,
174.653,120.585,-34.7814,um,Surface,Position,1,1111,
171.311,140.151,-32.773,um,Surface,Position,1,1112,
183.797,130.221,-30.049,um,Surface,Position,1,1113,
189.028,120.283,-29.8852,um,Surface,Position,1,1114,
93.3721,157.434,-28.3017,um,Surface,Position,1,1115,
142.337,147.511,-35.0724,um,Surface,Position,1,1116,
135.179,160.087,-29.6636,um,Surface,Position,1,1117,
133.461,161.862,-29.2123,um,Surface,Position,1,1118,
137.498,153.329,-27.2612,um,Surface,Position,1,1119,
149.516,145.715,-29.2225,um,Surface,Position,1,1120,
155.226,146.972,-28.6559,um,Surface,Position,1,1121,
159.866,150.183,-28.6523,um,Surface,Position,1,1122,
95.5962,125.272,-41.068,um,Surface,Position,1,1132,
119.362,123.48,-42.1871,um,Surface,Position,1,1133,
107.909,130.198,-39.8968,um,Surface,Position,1,1134,
101.61,127.268,-38.6915,um,Surface,Position,1,1135,
112.987,134.041,-37.1236,um,Surface,Position,1,1136,
115.236,128.476,-37.8483,um,Surface,Position,1,1137,
105.393,136.108,-38.5187,um,Surface,Position,1,1138,
109.721,125.275,-37.489,um,Surface,Position,1,1139,
96.1877,127.512,-36.2956,um,Surface,Position,1,1140,
102.864,143.591,-34.9527,um,Surface,Position,1,1141,
104.299,125.54,-37.2394,um,Surface,Position,1,1142,
119.057,136.499,-36.4261,um,Surface,Position,1,1143,
104.984,143.823,-37.9694,um,Surface,Position,1,1144,
132.598,122.991,-41.659,um,Surface,Position,1,1145,
121.057,131.671,-40.0653,um,Surface,Position,1,1146,
125.136,122.719,-41.3373,um,Surface,Position,1,1147,
127.689,129.492,-41.3178,um,Surface,Position,1,1148,
143.124,133.037,-39.0989,um,Surface,Position,1,1149,
141.6,127.824,-37.5603,um,Surface,Position,1,1150,
135.004,129.961,-39.8062,um,Surface,Position,1,1151,
128.148,139.688,-37.2702,um,Surface,Position,1,1152,
140.051,122.065,-37.1225,um,Surface,Position,1,1153,
121.625,125.294,-34.9885,um,Surface,Position,1,1154,
153.632,130.639,-41.3675,um,Surface,Position,1,1155,
147.531,125.153,-40.6045,um,Surface,Position,1,1156,
159.821,129.901,-40.9528,um,Surface,Position,1,1157,
162.84,124.563,-38.5945,um,Surface,Position,1,1158,
148.846,126.137,-38.6391,um,Surface,Position,1,1159,
157.992,123.753,-40.1901,um,Surface,Position,1,1160,
168.674,129.694,-36.4969,um,Surface,Position,1,1161,
159.496,120.659,-35.8311,um,Surface,Position,1,1162,
160.157,136.044,-34.895,um,Surface,Position,1,1163,
189.898,121.811,-38.9772,um,Surface,Position,1,1164,
180.176,124.823,-40.4956,um,Surface,Position,1,1165,
164.947,146.132,-36.1305,um,Surface,Position,1,1166,
99.4447,71.7755,-29.2954,um,Surface,Position,1,1168,
125.056,69.6183,-34.8574,um,Surface,Position,1,1169,
141.421,61.8353,-34.5305,um,Surface,Position,1,1170,
134.257,64.1093,-34.7795,um,Surface,Position,1,1171,
133.897,58.2907,-33.2253,um,Surface,Position,1,1172,
141.173,68.2255,-31.9657,um,Surface,Position,1,1173,
140.872,57.0531,-32.6552,um,Surface,Position,1,1174,
122.196,63.1709,-31.6692,um,Surface,Position,1,1175,
121.467,67.0031,-31.5,um,Surface,Position,1,1176,
130.978,59.5859,-31.9017,um,Surface,Position,1,1177,
133.456,50.5177,-29.3648,um,Surface,Position,1,1178,
122.47,53.8503,-29.0015,um,Surface,Position,1,1179,
124.94,56.7162,-28.4754,um,Surface,Position,1,1180,
134.254,66.1962,-28.6592,um,Surface,Position,1,1181,
163.602,52.0328,-37.2783,um,Surface,Position,1,1182,
162.059,65.6257,-32.3987,um,Surface,Position,1,1183,
160.153,69.7497,-31.8701,um,Surface,Position,1,1184,
146.994,67.0747,-30.5189,um,Surface,Position,1,1185,
153.756,65.6784,-30.0716,um,Surface,Position,1,1186,
173.773,60.8555,-35.6712,um,Surface,Position,1,1187,
170.611,71.0988,-33.1267,um,Surface,Position,1,1188,
169.824,61.1225,-31.214,um,Surface,Position,1,1189,
95.2999,96.1161,-32.8857,um,Surface,Position,1,1190,
92.713,91.7777,-30.6894,um,Surface,Position,1,1191,
118.903,83.2754,-36.6236,um,Surface,Position,1,1192,
111.082,84.5174,-33.1563,um,Surface,Position,1,1193,
111.331,76.928,-32.5522,um,Surface,Position,1,1194,
100.417,83.222,-32.5436,um,Surface,Position,1,1195,
116.862,72.0682,-30.4298,um,Surface,Position,1,1196,
103.839,95.0342,-31.3361,um,Surface,Position,1,1197,
114.207,91.5793,-30.0455,um,Surface,Position,1,1198,
114.99,79.2853,-31.1964,um,Surface,Position,1,1199,
100.679,86.2934,-29.0848,um,Surface,Position,1,1200,
107.538,91.398,-29.3386,um,Surface,Position,1,1201,
135.95,72.4431,-33.4493,um,Surface,Position,1,1202,
127.202,75.5385,-34.3763,um,Surface,Position,1,1203,
142.873,95.1461,-33.6257,um,Surface,Position,1,1204,
137.643,83.4081,-32.2147,um,Surface,Position,1,1205,
127.76,88.4948,-32.118,um,Surface,Position,1,1206,
140.223,91.2552,-33.9334,um,Surface,Position,1,1207,
123.197,84.6506,-32.0065,um,Surface,Position,1,1208,
130.494,72.2923,-30.3408,um,Surface,Position,1,1209,
140.425,74.5578,-30.3529,um,Surface,Position,1,1210,
128.686,80.8287,-31.1263,um,Surface,Position,1,1211,
140.982,71.0462,-27.972,um,Surface,Position,1,1212,
120.381,74.8478,-29.8737,um,Surface,Position,1,1213,
156.851,75.7172,-34.4241,um,Surface,Position,1,1214,
161.762,85.8841,-36.1464,um,Surface,Position,1,1215,
152.126,87.4956,-37.6417,um,Surface,Position,1,1216,
159.362,93.2633,-34.5304,um,Surface,Position,1,1217,
147.402,82.6839,-32.7077,um,Surface,Position,1,1218,
162.012,79.5424,-33.1233,um,Surface,Position,1,1219,
153.273,90.7444,-29.4458,um,Surface,Position,1,1220,
153.133,76.6618,-28.7636,um,Surface,Position,1,1221,
161.867,85.6455,-29.0466,um,Surface,Position,1,1222,
166.398,78.4713,-27.8093,um,Surface,Position,1,1223,
187.268,74.0986,-35.4173,um,Surface,Position,1,1224,
177.726,80.2308,-34.1096,um,Surface,Position,1,1225,
167.927,83.3291,-33.0085,um,Surface,Position,1,1226,
176.229,84.6531,-32.1335,um,Surface,Position,1,1227,
173.607,92.5887,-32.2712,um,Surface,Position,1,1228,
172.614,77.3883,-32.2058,um,Surface,Position,1,1229,
179.915,74.6657,-27.8774,um,Surface,Position,1,1230,
170.549,86.5645,-28.6417,um,Surface,Position,1,1231,
181.619,90.537,-28.8063,um,Surface,Position,1,1232,
177.241,88.5184,-28.0212,um,Surface,Position,1,1233,
132.101,62.7356,-39.6472,um,Surface,Position,1,1238,
133.82,69.1384,-38.2451,um,Surface,Position,1,1239,
143.027,67.2181,-36.3593,um,Surface,Position,1,1240,
155.5,57.8473,-42.0235,um,Surface,Position,1,1241,
160.118,70.653,-38.5342,um,Surface,Position,1,1242,
148.51,60.642,-37.5723,um,Surface,Position,1,1243,
150.459,70.2043,-36.8038,um,Surface,Position,1,1244,
152.914,52.0891,-36.4692,um,Surface,Position,1,1245,
171.812,58.14,-34.8242,um,Surface,Position,1,1246,
93.9492,81.1323,-35.4295,um,Surface,Position,1,1247,
95.6919,90.3771,-34.8428,um,Surface,Position,1,1248,
99.7309,94.1115,-42.0622,um,Surface,Position,1,1249,
118.4,87.0847,-39.3113,um,Surface,Position,1,1250,
104.669,93.4703,-40.379,um,Surface,Position,1,1251,
113.133,93.9129,-40.7389,um,Surface,Position,1,1252,
108.522,87.3621,-37.8519,um,Surface,Position,1,1253,
102.741,87.058,-37.0928,um,Surface,Position,1,1254,
114.816,88.7472,-36.1633,um,Surface,Position,1,1255,
128.583,79.1435,-41.4468,um,Surface,Position,1,1256,
143.809,82.8039,-43.6404,um,Surface,Position,1,1257,
120.186,93.9826,-42.5421,um,Surface,Position,1,1258,
130.105,92.5601,-42.3471,um,Surface,Position,1,1259,
129.915,75.6637,-41.6475,um,Surface,Position,1,1260,
140.286,88.0666,-40.1926,um,Surface,Position,1,1261,
135.934,75.9392,-39.7025,um,Surface,Position,1,1262,
138.601,81.8023,-38.7493,um,Surface,Position,1,1263,
144.191,82.4676,-38.4939,um,Surface,Position,1,1264,
124.609,90.095,-40.5101,um,Surface,Position,1,1265,
140.116,75.1705,-36.8436,um,Surface,Position,1,1266,
119.128,76.6702,-36.701,um,Surface,Position,1,1267,
131.853,94.6931,-35.6901,um,Surface,Position,1,1268,
131.264,82.5558,-35.5944,um,Surface,Position,1,1269,
144.507,94.004,-42.0355,um,Surface,Position,1,1270,
144.589,72.3491,-40.3693,um,Surface,Position,1,1271,
168.175,91.6905,-39.8849,um,Surface,Position,1,1272,
156.134,78.2838,-40.5435,um,Surface,Position,1,1273,
166.5,80.9186,-39.8264,um,Surface,Position,1,1274,
156.687,90.5479,-39.2846,um,Surface,Position,1,1275,
161.226,77.6841,-41.1698,um,Surface,Position,1,1276,
146.33,76.6146,-38.295,um,Surface,Position,1,1277,
144.7,89.6967,-35.6375,um,Surface,Position,1,1278,
179.703,85.9642,-40.1444,um,Surface,Position,1,1279,
178.273,88.0557,-36.9701,um,Surface,Position,1,1280,
173.516,95.4501,-37.3323,um,Surface,Position,1,1281,
170.228,75.5895,-36.5393,um,Surface,Position,1,1282,
95.0427,100.364,-41.3684,um,Surface,Position,1,1283,
113.494,99.0888,-43.9093,um,Surface,Position,1,1284,
115.711,115.655,-41.9312,um,Surface,Position,1,1285,
113.093,119.705,-41.9579,um,Surface,Position,1,1286,
102.397,107.786,-42.1688,um,Surface,Position,1,1287,
106.633,98.598,-38.1911,um,Surface,Position,1,1288,
100.39,101.776,-40.6923,um,Surface,Position,1,1289,
105.585,120.277,-39.6963,um,Surface,Position,1,1290,
118.284,102.583,-38.4401,um,Surface,Position,1,1291,
104.551,113.85,-37.992,um,Surface,Position,1,1292,
112.335,108.129,-35.6477,um,Surface,Position,1,1293,
100.242,95.7225,-35.7486,um,Surface,Position,1,1294,
112.985,100.401,-35.7587,um,Surface,Position,1,1295,
119.622,116.808,-35.6776,um,Surface,Position,1,1296,
137.052,118.914,-44.7557,um,Surface,Position,1,1297,
128.876,98.5295,-42.7948,um,Surface,Position,1,1298,
136.709,101.306,-43.3983,um,Surface,Position,1,1299,
144.107,103.355,-42.0677,um,Surface,Position,1,1300,
123.014,104.449,-40.4032,um,Surface,Position,1,1301,
128.905,111.832,-41.2079,um,Surface,Position,1,1302,
128.259,104.776,-42.3797,um,Surface,Position,1,1303,
122.033,111.922,-40.2228,um,Surface,Position,1,1304,
139.211,113.346,-40.0978,um,Surface,Position,1,1305,
143.875,117.179,-38.9446,um,Surface,Position,1,1306,
129.449,118.682,-37.3564,um,Surface,Position,1,1307,
133.202,102.094,-37.2427,um,Surface,Position,1,1308,
121.585,103.384,-35.0814,um,Surface,Position,1,1309,
127.504,105.303,-34.5483,um,Surface,Position,1,1310,
127.22,97.166,-36.1509,um,Surface,Position,1,1311,
140.998,100.464,-35.4891,um,Surface,Position,1,1312,
156.018,104.973,-42.4904,um,Surface,Position,1,1313,
155.058,97.6734,-43.2609,um,Surface,Position,1,1314,
162.83,107.693,-44.0388,um,Surface,Position,1,1315,
167.706,114.523,-44.3728,um,Surface,Position,1,1316,
166.915,100.961,-41.2579,um,Surface,Position,1,1317,
156.986,113.328,-40.6579,um,Surface,Position,1,1318,
152.179,111.106,-40.7285,um,Surface,Position,1,1319,
148.62,99.9056,-39.6968,um,Surface,Position,1,1320,
160.346,97.7218,-37.9055,um,Surface,Position,1,1321,
148.104,105.674,-36.792,um,Surface,Position,1,1322,
146.14,111.595,-36.6926,um,Surface,Position,1,1323,
166.066,113.768,-38.0942,um,Surface,Position,1,1324,
164.492,97.4633,-36.5868,um,Surface,Position,1,1325,
161.106,109.961,-35.0772,um,Surface,Position,1,1326,
180.127,97.9383,-41.2471,um,Surface,Position,1,1327,
192.021,109.75,-41.072,um,Surface,Position,1,1328,
179.655,104.604,-40.5808,um,Surface,Position,1,1329,
175.737,111.369,-40.2583,um,Surface,Position,1,1330,
168.665,118.952,-39.9093,um,Surface,Position,1,1331,
171.611,104.76,-36.312,um,Surface,Position,1,1332,
173.45,114.216,-38.4376,um,Surface,Position,1,1333,
179.179,108.616,-38.0562,um,Surface,Position,1,1334,
177.617,98.5043,-36.0245,um,Surface,Position,1,1335,
108.322,118.069,-49.6682,um,Surface,Position,1,1336,
102.893,120.968,-50.0089,um,Surface,Position,1,1337,
122.33,128.446,-50.3557,um,Surface,Position,1,1338,
119.291,91.8742,-50.0595,um,Surface,Position,1,1339,
115.699,86.5695,-46.0452,um,Surface,Position,1,1340,
109.99,93.6157,-44.8599,um,Surface,Position,1,1341,
124.376,91.1464,-49.8548,um,Surface,Position,1,1342,
137.233,88.7202,-48.114,um,Surface,Position,1,1343,
130.933,89.3004,-49.6474,um,Surface,Position,1,1344,
140.655,80.8848,-48.8651,um,Surface,Position,1,1345,
136.582,82.1617,-48.2883,um,Surface,Position,1,1346,
143.226,87.2371,-48.6329,um,Surface,Position,1,1347,
135.389,72.3747,-47.2756,um,Surface,Position,1,1348,
142.312,94.9713,-48.0871,um,Surface,Position,1,1349,
120.352,72.8421,-47.582,um,Surface,Position,1,1350,
122.465,80.7883,-46.3297,um,Surface,Position,1,1351,
134.749,95.4897,-46.197,um,Surface,Position,1,1352,
138.587,76.2029,-45.1287,um,Surface,Position,1,1353,
132.729,79.6297,-44.5138,um,Surface,Position,1,1354,
129.063,74.0942,-44.5739,um,Surface,Position,1,1355,
136.461,88.4306,-44.1646,um,Surface,Position,1,1356,
128.359,83.9714,-44.0359,um,Surface,Position,1,1357,
162.739,94.6899,-46.1939,um,Surface,Position,1,1358,
168.501,84.7209,-44.8052,um,Surface,Position,1,1359,
145.612,78.3816,-46.9093,um,Surface,Position,1,1360,
155.421,80.6466,-46.9806,um,Surface,Position,1,1361,
162.542,86.4139,-46.3343,um,Surface,Position,1,1362,
150.032,78.8681,-46.9925,um,Surface,Position,1,1363,
160.313,75.2944,-47.5923,um,Surface,Position,1,1364,
160.93,77.5403,-46.126,um,Surface,Position,1,1365,
155.187,86.504,-45.3582,um,Surface,Position,1,1366,
155.191,92.8103,-45.435,um,Surface,Position,1,1367,
165.321,79.5819,-44.9519,um,Surface,Position,1,1368,
146.477,71.7036,-44.3088,um,Surface,Position,1,1369,
148.911,71.856,-45.1228,um,Surface,Position,1,1370,
149.028,84.6065,-42.8607,um,Surface,Position,1,1371,
154.852,75.2207,-43.4679,um,Surface,Position,1,1372,
173.572,95.3393,-47.7703,um,Surface,Position,1,1373,
184.748,72.1297,-45.3536,um,Surface,Position,1,1374,
174.105,85.4181,-43.8066,um,Surface,Position,1,1375,
178.222,91.2789,-43.7694,um,Surface,Position,1,1376,
172.455,94.3207,-43.7532,um,Surface,Position,1,1377,
93.5126,120.178,-43.2675,um,Surface,Position,1,1378,
101.744,109.315,-50.2193,um,Surface,Position,1,1379,
106.995,106.397,-47.5413,um,Surface,Position,1,1380,
113.315,108.904,-47.8701,um,Surface,Position,1,1381,
115.633,100.703,-48.7722,um,Surface,Position,1,1382,
118.17,109.087,-47.8513,um,Surface,Position,1,1383,
119.39,98.566,-45.4482,um,Surface,Position,1,1384,
110.427,110.158,-44.352,um,Surface,Position,1,1385,
95.8174,103.925,-44.7237,um,Surface,Position,1,1386,
102.207,116.723,-45.0787,um,Surface,Position,1,1387,
102.264,99.9114,-43.5469,um,Surface,Position,1,1388,
117.032,107.246,-43.59,um,Surface,Position,1,1389,
97.0443,114.222,-43.5541,um,Surface,Position,1,1390,
127.224,110.254,-47.9631,um,Surface,Position,1,1391,
135.255,111.337,-49.8526,um,Surface,Position,1,1392,
121.464,113.501,-49.4231,um,Surface,Position,1,1393,
133.243,115.262,-48.3054,um,Surface,Position,1,1394,
125.309,116.115,-48.7607,um,Surface,Position,1,1395,
130.226,96.33,-48.8042,um,Surface,Position,1,1396,
127.82,103.909,-48.6823,um,Surface,Position,1,1397,
141.76,114.287,-47.1149,um,Surface,Position,1,1398,
136.322,117.558,-50.2606,um,Surface,Position,1,1399,
143.529,108.902,-46.4552,um,Surface,Position,1,1400,
133.967,110.321,-43.4938,um,Surface,Position,1,1401,
137.018,105.769,-43.5589,um,Surface,Position,1,1402,
157.441,109.7,-49.9854,um,Surface,Position,1,1403,
149.102,112.056,-49.0972,um,Surface,Position,1,1404,
165.338,112.013,-50.3355,um,Surface,Position,1,1405,
159.907,116.784,-50.3153,um,Surface,Position,1,1406,
153.372,117.942,-47.0145,um,Surface,Position,1,1407,
144.764,100.992,-48.8387,um,Surface,Position,1,1408,
151.508,107.388,-49.2749,um,Surface,Position,1,1409,
152.398,96.8279,-49.0751,um,Surface,Position,1,1410,
148.656,103.883,-48.0024,um,Surface,Position,1,1411,
164.164,105.713,-49.1394,um,Surface,Position,1,1412,
163.917,101.828,-46.662,um,Surface,Position,1,1413,
149.195,97.1251,-45.9379,um,Surface,Position,1,1414,
152.116,108.467,-47.5821,um,Surface,Position,1,1415,
163.282,118.889,-44.9709,um,Surface,Position,1,1416,
163.685,111.967,-44.5312,um,Surface,Position,1,1417,
149.201,120.321,-44.0036,um,Surface,Position,1,1418,
171.566,106.068,-47.3714,um,Surface,Position,1,1419,
184.965,101.146,-48.2079,um,Surface,Position,1,1420,
172.451,100.885,-45.4264,um,Surface,Position,1,1421,
182.573,116.056,-46.385,um,Surface,Position,1,1422,
171.781,107.322,-45.5824,um,Surface,Position,1,1423,
177.521,111.703,-45.4222,um,Surface,Position,1,1424,
99.0347,120.055,-43.6348,um,Surface,Position,1,1425,
122.054,120.455,-47.8071,um,Surface,Position,1,1426,
129.157,121.285,-46.8508,um,Surface,Position,1,1427,
133.407,125.392,-47.332,um,Surface,Position,1,1428,
141.82,121.826,-46.8386,um,Surface,Position,1,1429,
124.952,126.921,-46.5128,um,Surface,Position,1,1430,
131.642,133.542,-43.8946,um,Surface,Position,1,1431,
140.451,125.398,-43.4645,um,Surface,Position,1,1432,
147.164,121.58,-49.69,um,Surface,Position,1,1433,
159.896,129.665,-45.1086,um,Surface,Position,1,1434,
158.157,122.66,-44.3182,um,Surface,Position,1,1435,
170.311,123.9,-42.3589,um,Surface,Position,1,1436,
